date,pnl,pnl_pct,pnl_pct_cumulative,cum_pnl,total_cap,peak,drawdown
2021-01-05,26625.0,1.065,1.065,26625.0,2526625.0,2526625.0,0.0
2021-01-06,-9675.0,-0.387,0.6779999999999999,16950.0,2516950.0,2526625.0,-9675.0
2021-01-07,-18375.0,-0.735,-0.05700000000000005,-1425.0,2498575.0,2526625.0,-28050.0
2021-01-08,28550.0,1.142,1.085,27125.0,2527125.0,2527125.0,0.0
2021-01-11,5125.0,0.20500000000000002,1.29,32250.0,2532250.0,2532250.0,0.0
2021-01-12,22200.000000000004,0.8880000000000001,2.178,54450.0,2554450.0,2554450.0,0.0
2021-01-13,-29300.0,-1.172,1.006,25150.0,2525150.0,2554450.0,-29300.0
2021-01-14,5875.0,0.23500000000000001,1.241,31025.0,2531025.0,2554450.0,-23425.0
2021-01-19,33175.0,1.327,2.568,64200.0,2564200.0,2564200.0,0.0
2021-01-20,16550.0,0.662,3.23,80750.0,2580750.0,2580750.0,0.0
2021-02-01,118425.0,4.737,7.9670000000000005,199175.0,2699175.0,2699175.0,0.0
2021-02-02,14724.999999999996,0.5889999999999999,8.556000000000001,213900.0,2713900.0,2713900.0,0.0
2021-02-03,19625.0,0.7849999999999999,9.341000000000001,233525.0,2733525.0,2733525.0,0.0
2021-02-04,20575.000000000004,0.8230000000000002,10.164000000000001,254100.0,2754100.0,2754100.0,0.0
2021-02-05,-19275.000000000004,-0.7710000000000001,9.393,234825.0,2734825.0,2754100.0,-19275.0
2021-02-08,8750.0,0.35000000000000003,9.743,243575.0,2743575.0,2754100.0,-10525.0
2021-02-09,-9500.0,-0.38,9.363,234075.0,2734075.0,2754100.0,-20025.0
2021-02-11,13100.0,0.524,9.887,247175.0,2747175.0,2754100.0,-6925.0
2021-02-12,-22425.0,-0.897,8.99,224750.0,2724750.0,2754100.0,-29350.0
2021-02-15,19350.0,0.774,9.764,244100.0,2744100.0,2754100.0,-10000.0
2021-02-16,-17050.0,-0.6819999999999999,9.081999999999999,227050.0,2727050.0,2754100.0,-27050.0
2021-02-24,-8275.0,-0.331,8.751,218775.0,2718775.0,2754100.0,-35325.0
2021-02-25,-10250.0,-0.41000000000000003,8.341,208525.0,2708525.0,2754100.0,-45575.0
2021-03-01,-21350.0,-0.8540000000000001,7.486999999999999,187175.0,2687175.0,2754100.0,-66925.0
2021-03-02,41575.0,1.6629999999999998,9.149999999999999,228750.0,2728750.0,2754100.0,-25350.0
2021-03-03,59750.0,2.39,11.54,288500.0,2788500.0,2788500.0,0.0
2021-03-04,-2149.999999999999,-0.08599999999999997,11.453999999999999,286350.0,2786350.0,2788500.0,-2150.0
2021-03-08,-32350.0,-1.294,10.159999999999998,254000.0,2754000.0,2788500.0,-34500.0
2021-03-09,-30500.0,-1.22,8.939999999999998,223500.0,2723500.0,2788500.0,-65000.0
2021-03-10,375.0,0.015,8.954999999999998,223875.0,2723875.0,2788500.0,-64625.0
2021-03-12,-60350.0,-2.414,6.540999999999999,163525.0,2663525.0,2788500.0,-124975.0
2021-03-16,-3099.9999999999995,-0.12399999999999997,6.416999999999999,160425.0,2660425.0,2788500.0,-128075.0
2021-03-19,14375.0,0.575,6.991999999999999,174800.0,2674800.0,2788500.0,-113700.0
2021-03-22,-449.9999999999993,-0.017999999999999974,6.973999999999999,174350.0,2674350.0,2788500.0,-114150.0
2021-03-23,-1000.0,-0.04,6.933999999999999,173350.0,2673350.0,2788500.0,-115150.0
2021-03-24,-10750.0,-0.43,6.504,162600.0,2662600.0,2788500.0,-125900.0
2021-03-26,23800.0,0.9520000000000001,7.4559999999999995,186400.0,2686400.0,2788500.0,-102100.0
2021-03-30,28000.0,1.1199999999999999,8.575999999999999,214400.0,2714400.0,2788500.0,-74100.0
2021-03-31,-3025.0000000000005,-0.12100000000000001,8.454999999999998,211375.0,2711375.0,2788500.0,-77125.0
2021-04-01,32200.0,1.288,9.742999999999999,243575.0,2743575.0,2788500.0,-44925.0
2021-04-05,-41125.0,-1.645,8.097999999999999,202450.0,2702450.0,2788500.0,-86050.0
2021-04-06,-38724.99999999999,-1.5489999999999997,6.5489999999999995,163725.0,2663725.0,2788500.0,-124775.0
2021-04-07,16550.0,0.662,7.210999999999999,180275.0,2680275.0,2788500.0,-108225.0
2021-04-08,-18424.999999999996,-0.7369999999999999,6.473999999999999,161850.0,2661850.0,2788500.0,-126650.0
2021-04-13,10250.0,0.41000000000000003,6.8839999999999995,172100.0,2672100.0,2788500.0,-116400.0
2021-04-15,9650.0,0.386,7.27,181750.0,2681750.0,2788500.0,-106750.0
2021-04-16,-7250.0,-0.29,6.9799999999999995,174500.0,2674500.0,2788500.0,-114000.0
2021-04-20,-17150.0,-0.6859999999999999,6.294,157350.0,2657350.0,2788500.0,-131150.0
2021-04-22,12775.0,0.511,6.805,170125.0,2670125.0,2788500.0,-118375.0
2021-04-23,-600.0,-0.024,6.781,169525.0,2669525.0,2788500.0,-118975.0
2021-04-26,-19275.0,-0.771,6.01,150250.0,2650250.0,2788500.0,-138250.0
2021-04-28,23250.0,0.9299999999999999,6.9399999999999995,173500.0,2673500.0,2788500.0,-115000.0
2021-04-29,-99.99999999999964,-0.003999999999999986,6.936,173400.0,2673400.0,2788500.0,-115100.0
2021-04-30,-8250.0,-0.33,6.606,165150.0,2665150.0,2788500.0,-123350.0
2021-05-03,-10975.0,-0.439,6.167,154175.0,2654175.0,2788500.0,-134325.0
2021-05-04,-13375.0,-0.5349999999999999,5.632,140800.0,2640800.0,2788500.0,-147700.0
2021-05-05,-6324.999999999999,-0.25299999999999995,5.379,134475.0,2634475.0,2788500.0,-154025.0
2021-05-06,19050.0,0.762,6.141,153525.0,2653525.0,2788500.0,-134975.0
2021-05-07,-6150.0,-0.246,5.895,147375.0,2647375.0,2788500.0,-141125.0
2021-05-10,6175.0,0.247,6.1419999999999995,153550.0,2653550.0,2788500.0,-134950.0
2021-05-17,42100.0,1.6840000000000002,7.826,195650.0,2695650.0,2788500.0,-92850.0
2021-05-18,4625.0,0.185,8.011,200275.0,2700275.0,2788500.0,-88225.0
2021-05-19,-19500.0,-0.7799999999999999,7.230999999999999,180775.0,2680775.0,2788500.0,-107725.0
2021-05-21,34250.0,1.37,8.600999999999999,215025.0,2715025.0,2788500.0,-73475.0
2021-05-24,-8400.0,-0.336,8.264999999999999,206625.0,2706625.0,2788500.0,-81875.0
2021-05-25,-19850.0,-0.7939999999999999,7.470999999999999,186775.0,2686775.0,2788500.0,-101725.0
2021-05-26,9175.0,0.367,7.837999999999999,195950.0,2695950.0,2788500.0,-92550.0
2021-05-27,11575.0,0.46299999999999997,8.300999999999998,207525.0,2707525.0,2788500.0,-80975.0
2021-05-28,-4175.000000000001,-0.16700000000000004,8.133999999999999,203350.0,2703350.0,2788500.0,-85150.0
